121 537 111 571
95 548 82 583
149 525 141 557
389 488 398 515
191 510 187 540
172 142 166 145
148 518 140 550
70 574 55 611
77 547 62 584
208 278 205 293
251 222 251 231
354 354 361 371
195 280 190 295
70 519 55 553
83 573 69 610
182 488 176 517
161 445 154 471
78 567 63 603
334 367 340 384
96 566 83 601
116 529 105 562
302 414 306 435
107 506 95 539
146 416 138 441
178 365 172 386
159 550 152 581
173 390 167 413
344 348 351 364
161 395 153 419
241 210 241 218
241 480 240 506
89 433 75 462
337 564 343 597
178 393 172 416
177 482 171 510
95 510 81 543
342 345 349 361
76 216 58 227
159 270 151 285
178 499 173 528
337 406 343 425
334 445 339 465
266 428 267 450
393 527 402 555
179 355 174 375
54 232 34 245
233 439 231 463
319 403 324 422
289 166 293 170
314 161 320 165
344 398 350 417
163 490 155 519
278 474 280 498
83 250 66 264
209 344 206 363
210 165 208 170
180 501 174 530
226 482 224 509
194 255 190 267
379 260 390 271
308 166 313 170
260 187 261 193
384 355 393 370
284 163 288 168
259 468 259 493
119 424 107 452
307 370 311 388
156 305 148 322
329 402 334 421
163 497 155 527
246 244 246 256
146 406 137 432
219 262 217 275
354 256 361 266
97 460 84 490
279 421 281 443
255 183 256 190
249 232 249 242
131 142 120 145
360 391 367 411
279 218 282 226
237 372 236 392
296 404 299 424
314 473 317 495
161 398 153 422
166 381 159 403
282 375 285 394
214 120 212 121
202 464 198 491
189 402 184 425
98 248 83 262
260 168 261 173
305 456 309 479
165 376 158 398
211 265 208 279
281 459 283 483
311 188 317 194
255 177 256 183
253 188 254 195
194 212 189 221
183 191 178 198
229 465 227 491
217 473 214 500
89 388 74 414
54 230 34 242
335 347 341 364
311 409 315 428
159 258 151 271
158 192 150 199
178 302 172 318
279 208 283 215
279 457 281 480
161 428 153 455
285 347 288 364
344 274 351 284
289 177 293 182
178 320 172 338
355 276 363 288
286 319 289 334
264 241 266 252
410 558 421 590
339 274 346 284
355 393 362 412
46 252 29 265
241 447 240 471
343 516 349 544
308 221 313 230
334 408 339 428
220 254 218 266
164 119 157 120
339 410 345 429
232 188 231 195
274 451 275 475
364 278 372 290
58 542 44 574
240 455 239 479
334 388 340 406
194 268 189 281
210 293 207 308
224 189 223 196
245 340 245 358
267 451 267 475
199 375 195 396
293 204 298 212
292 186 296 192
205 120 202 120
