309 401 320 250
142 300 269 279
194 470 214 471
306 445 309 408
163 378 167 345
226 468 231 440
320 247 325 202
183 454 208 451
111 295 83 301
235 329 272 322
248 345 268 344
144 289 116 294
209 212 209 253
229 360 234 330
192 266 159 271
185 404 165 405
168 344 208 333
213 278 193 281
106 283 142 276
278 238 236 242
326 172 337 19
209 345 178 354
84 203 82 168
173 415 294 380
111 415 146 404
272 333 244 339
192 369 166 377
234 243 240 209
53 160 59 311
86 377 108 358
286 345 309 339
232 438 266 426
278 218 250 220
91 508 101 488
92 568 275 491
87 432 95 413
146 416 121 424
217 481 208 501
52 231 51 206
195 255 194 230
285 450 285 471
81 299 90 279
146 486 140 505
88 163 310 158
278 445 302 438
315 242 314 271
115 426 87 435
292 351 290 373
173 258 194 255
299 240 297 265
80 248 89 227
191 169 190 190
249 231 269 227
281 259 259 274
267 436 240 446
270 375 248 386
278 356 271 375
301 448 301 468
301 441 278 448
114 530 148 516
308 343 285 348
228 318 89 350
311 408 394 447
438 39 429 158
158 257 193 211
194 229 172 258
91 547 107 521
140 253 104 282
95 413 121 390
88 281 127 246
315 234 291 237
291 233 315 231
314 207 312 227
143 385 110 413
147 527 123 536
233 168 232 188
271 469 254 486
87 347 86 314
57 313 61 389
282 193 88 206
241 209 279 206
93 346 201 322
206 162 88 166
107 522 126 505
90 312 140 301
118 538 93 549
238 426 170 448
87 204 206 195
202 292 90 314
49 1 53 154
140 504 113 528
161 119 157 96
300 383 298 405
324 345 323 385
61 389 67 493
466 331 471 290
211 320 275 308
270 414 271 389
274 281 210 291
300 307 278 311
398 420 319 385
259 455 239 463
382 356 380 399
275 311 230 319
413 344 405 398
270 279 302 274
180 99 176 119
187 189 187 169
276 308 277 280
181 119 182 99
214 195 281 191
404 406 393 471
48 106 44 4
154 82 154 60
307 278 306 303
297 408 271 416
284 192 285 161
395 445 398 421
218 100 217 120
307 193 285 195
33 310 56 317
178 96 205 98
13 165 35 166
269 390 207 407
175 27 173 48
208 433 269 413
374 536 397 550
200 409 95 446
196 85 197 65
316 162 314 190
282 161 214 162
169 449 96 476
98 473 200 435
442 0 439 36
268 416 239 426
95 443 172 416
211 65 210 86
240 55 235 35
117 81 117 56
187 29 191 50
259 90 261 70
193 50 194 29
231 88 232 68
156 47 158 25
210 53 212 33
68 503 71 535
142 22 161 24
388 489 309 447
209 31 208 51
175 48 182 27
127 638 112 607
353 358 352 381
7 291 33 308
113 608 85 573
279 492 299 504
38 530 21 513
423 542 479 575
356 292 330 285
360 179 328 175
358 540 387 558
71 603 96 638
301 504 327 520
334 17 235 0
327 257 365 266
50 573 64 593
372 355 371 388
72 582 97 612
422 282 416 320
327 520 357 540
12 523 25 541
319 294 414 322
34 553 51 574
320 384 322 331
393 554 368 539
47 548 65 572
410 556 392 543
370 371 371 350
55 312 53 264
342 352 341 386
406 633 478 587
306 490 331 505
368 254 373 184
82 567 65 249
49 193 50 165
82 13 84 134
325 382 327 346
424 210 422 238
390 491 386 517
35 190 14 188
374 387 375 354
49 143 48 108
161 144 101 145
37 86 39 141
361 352 361 388
37 140 39 164
466 1 461 61
477 583 419 621
41 184 46 311
74 89 72 24
36 50 37 85
334 493 310 480
383 396 384 355
48 231 46 194
323 261 374 273
354 382 355 354
74 136 74 90
328 45 324 96
185 144 163 144
34 120 32 69
430 39 424 70
3 186 7 263
100 145 78 146
324 98 322 136
13 137 33 137
79 121 78 94
317 135 322 43
161 566 105 591
363 385 364 353
331 488 383 519
375 272 414 281
422 81 419 108
457 402 461 374
24 223 37 244
65 578 43 549
344 381 345 351
24 496 63 484
63 481 20 494
78 88 77 58
283 144 189 144
330 481 349 492
39 248 38 225
356 514 379 527
21 76 22 96
39 282 8 266
308 475 325 485
411 115 415 80
447 480 457 405
224 538 162 565
77 53 76 25
155 491 154 463
401 188 399 213
409 488 404 528
412 80 408 119
168 140 134 140
78 136 315 137
422 102 425 73
30 67 0 74
421 238 418 269
45 153 44 133
151 288 152 251
353 494 385 513
295 506 225 537
460 102 469 0
221 365 220 329
407 476 426 306
207 140 175 140
245 140 214 140
452 41 456 0
43 128 42 71
65 247 59 0
165 534 94 562
153 248 153 226
319 144 286 144
69 256 69 283
79 27 79 54
127 140 90 141
154 378 152 353
453 1 449 49
478 505 443 489
80 94 80 116
278 140 250 140
427 317 414 439
75 60 75 88
74 27 75 53
163 458 204 444
366 312 358 344
78 400 76 373
187 0 234 7
229 520 248 511
457 490 478 500
156 520 156 495
57 58 58 85
76 99 76 120
428 278 443 118
339 195 359 194
446 118 430 281
172 545 192 536
225 240 225 208
261 506 282 497
253 11 285 15
361 198 339 199
153 465 153 491
226 215 226 238
342 31 340 66
377 106 379 79
391 238 389 259
155 413 155 386
205 530 228 521
393 201 391 234
306 19 331 23
344 1 342 29
344 66 348 6
154 260 154 285
413 443 410 473
56 20 56 48
