314 418 326 259
310 464 313 426
156 399 160 364
80 505 78 475
108 322 279 291
66 194 66 173
72 369 70 336
227 380 233 346
224 493 229 463
109 377 130 381
235 346 273 338
248 363 270 362
233 255 240 217
147 342 146 320
190 267 190 240
161 364 205 351
189 280 151 286
166 271 190 268
87 386 109 377
152 521 162 492
37 304 51 525
70 411 80 391
133 305 105 311
257 373 236 377
189 314 188 334
248 407 228 406
282 227 250 230
63 262 74 239
328 234 345 10
98 313 67 320
72 461 82 440
93 299 133 291
180 501 206 496
151 445 250 412
189 377 209 380
65 317 73 298
273 350 244 357
27 0 31 126
133 246 130 265
100 228 123 233
180 428 158 429
286 248 285 268
265 236 285 245
188 532 200 517
52 526 57 597
147 198 147 175
206 364 172 374
271 249 249 252
287 473 287 495
312 363 311 391
170 386 188 377
274 392 247 407
315 426 405 471
287 362 312 356
320 247 320 275
303 251 301 278
99 442 137 429
319 212 318 234
212 399 201 416
241 217 281 214
233 173 232 194
231 462 269 448
296 243 322 240
197 386 170 396
282 272 259 288
310 333 308 354
80 442 117 407
322 244 296 247
78 369 197 339
73 239 99 229
286 199 71 216
153 266 188 220
263 173 262 194
206 219 206 265
255 330 150 353
447 127 444 160
138 442 110 451
312 359 287 366
295 368 293 391
182 196 182 174
278 324 280 294
98 514 117 505
138 519 130 538
186 175 185 198
201 415 179 428
81 530 97 514
103 454 75 464
164 175 163 195
71 299 105 269
72 213 203 202
72 168 288 162
199 307 76 333
266 460 239 470
106 592 270 518
78 582 94 556
103 563 139 547
153 118 148 95
74 331 107 324
149 354 77 372
305 463 281 471
129 267 91 298
277 294 206 306
189 240 166 270
198 119 200 99
312 290 310 316
202 167 70 172
207 337 276 323
95 556 115 537
134 407 114 428
409 444 348 414
329 360 328 401
277 326 256 330
279 291 305 287
112 428 97 441
140 558 113 570
212 519 190 541
382 566 406 582
26 113 24 48
181 98 181 120
227 119 226 99
270 496 252 513
110 570 81 585
216 99 215 120
176 118 177 96
266 438 135 486
450 99 447 125
145 80 145 55
174 98 170 120
303 402 301 426
322 166 320 198
172 94 203 96
104 77 103 51
129 538 102 562
212 202 285 198
271 435 272 409
304 321 280 326
414 429 403 498
260 479 237 488
345 9 324 6
459 0 456 31
425 365 416 419
84 602 105 592
148 39 150 16
182 18 187 44
251 413 300 398
135 39 136 19
209 62 207 84
168 18 166 41
192 82 192 59
431 328 426 356
404 470 409 445
141 19 140 40
189 43 190 20
261 87 263 66
241 51 235 27
246 86 247 65
287 198 288 165
287 165 211 167
34 571 6 538
270 410 204 430
205 457 270 434
250 30 242 51
398 516 312 468
85 504 197 459
299 429 272 438
81 472 150 447
230 85 231 63
314 200 289 201
196 433 83 475
270 54 271 33
279 514 296 525
169 41 177 17
266 68 265 88
268 88 269 68
24 43 23 0
339 383 338 406
290 162 316 161
33 183 32 214
206 24 205 46
208 46 209 24
283 69 282 89
134 487 83 508
364 305 340 298
1 293 29 312
360 373 358 403
131 12 153 14
57 598 59 618
91 638 71 610
434 572 479 600
363 569 402 595
303 527 332 548
34 606 50 633
325 402 327 346
403 587 375 568
16 69 16 100
3 165 2 144
377 185 335 179
333 547 362 569
3 559 14 577
20 585 34 606
381 372 380 408
325 307 426 339
414 418 413 395
35 252 39 303
39 593 52 611
431 158 432 138
349 368 347 404
378 404 380 366
6 266 33 281
30 129 32 171
56 618 70 638
64 1 67 139
420 588 400 574
385 566 362 544
69 606 66 585
376 265 383 185
25 149 5 149
436 296 433 316
150 148 109 148
89 149 61 149
323 4 294 0
56 122 52 16
176 147 154 147
411 252 410 273
440 208 437 231
31 259 26 237
361 401 362 370
323 137 330 36
6 135 26 135
382 407 384 371
405 420 405 399
352 525 312 501
330 399 332 361
357 394 358 373
369 370 368 408
336 39 332 86
392 373 390 413
434 90 431 114
331 108 330 128
350 401 351 368
371 406 372 369
444 33 438 67
59 46 58 16
66 638 27 582
288 146 208 147
7 222 5 195
60 86 59 53
328 271 391 286
61 123 60 93
403 288 430 295
437 68 434 90
312 497 331 508
367 530 391 546
392 416 394 374
60 14 61 49
222 567 89 630
69 138 321 139
64 541 60 489
46 504 5 517
362 540 387 555
60 488 58 453
33 285 3 268
61 52 63 88
10 519 47 507
55 17 56 45
57 452 47 278
33 214 36 234
63 57 63 25
419 515 413 555
472 0 468 44
58 93 58 121
63 92 63 119
56 53 57 85
147 520 146 490
247 0 296 8
360 520 394 541
461 496 473 423
67 582 63 540
436 100 439 69
475 408 477 386
471 36 475 0
116 144 73 144
412 92 410 114
417 501 438 334
288 535 235 560
145 400 145 379
234 543 254 534
47 276 38 0
142 303 143 266
51 278 51 301
381 162 359 157
442 292 452 204
375 325 366 360
62 426 60 403
282 143 250 142
439 344 427 444
21 64 0 67
135 575 83 598
223 250 223 223
242 142 216 143
149 552 149 525
477 528 455 516
145 275 145 303
161 143 123 143
205 143 169 143
350 241 374 246
454 205 445 294
457 153 460 118
64 69 64 104
146 438 146 411
43 10 43 36
346 62 350 1
374 250 350 245
364 196 344 198
463 119 455 203
157 579 179 569
318 11 340 15
383 155 408 156
452 201 456 156
198 560 217 551
